A
    -0.573745   0.00620486   0.00635158    -0.198542    -0.130404     0.163281    -0.156883      0.25108    -0.565494            
    -0.339954   0.00414783    0.0657107     0.405313     0.422612   -0.0190108    0.0961219    -0.166178     0.270105            
    -0.339954   0.00414783    0.0657107     0.405313     0.422612   -0.0190108    0.0961219    -0.166178    -0.270105            
  -0.00439496    -0.518344    0.0666221   -0.0645432    0.0770931    -0.146911    -0.167735    -0.019184     0.374974            
  -0.00439496    -0.518344    0.0666221   -0.0645432    0.0770931    -0.146911    -0.167735    -0.019184    -0.144989            
    -0.573745   0.00620486   0.00635158    -0.198542    -0.130404     0.163281    -0.156883      0.25108     0.565494            
    -0.308054   0.00372811    0.0498593    0.0738616    -0.565467    -0.595465     0.291995    -0.370883  1.07339e-16            
  -0.00439496    -0.518344    0.0666221   -0.0645432    0.0770931    -0.146911    -0.167735    -0.019184    -0.229985            
    -0.016641   -0.0335714    -0.605069     0.129241    0.0452659    -0.224548   0.00282245     0.251607 -2.00325e-16            
   -0.0051497    -0.224894    -0.312358     0.392288    -0.413971     0.562427    -0.216543    -0.404168   2.6337e-16            
    -0.122271  -0.00616187    -0.380693    -0.621969     0.297534     0.118621      0.20669    -0.554906  2.69203e-16            
    -0.016641   -0.0335714    -0.605069     0.129241    0.0452659    -0.224548   0.00282245     0.251607 -1.44815e-16            
  -0.00326389    -0.375451    0.0277785    0.0225658   -0.0848999     0.308852     0.820368     0.286607 -1.54255e-17            
          
W
      3.41424      3.29887      2.26835      1.49092      1.19487     0.983372     0.713627     0.433829  2.01688e-16          
V
    -0.426316   0.00489193    0.0275806    -0.216794    -0.691519     -0.27345   -0.0305072       0.3026    -0.353553            
     -0.04556   -0.0222211    -0.701316    -0.243801     0.324777    -0.336062     0.297543    -0.119152    -0.353553            
    -0.006326    -0.653369   -0.0373457     0.148381    -0.223951     0.437827     0.140999    -0.403646    -0.353553            
    -0.535229   0.00627651    0.0635372     0.277374     0.489106      0.29342    -0.170287     0.391407    -0.353553            
   -0.0048177    -0.585196     0.100357    -0.114737     0.122507     -0.13411     0.444438     0.527985     0.353553            
    -0.371902   0.00189393    -0.162228    -0.683506    0.0307371     0.452711    -0.150044    -0.121582     0.353553            
   -0.0112563   -0.0885263    -0.671191     0.436489     -0.27069     0.115248    -0.295529     0.228307     0.353553            
    -0.625455   0.00740663    0.0855177     0.326915    0.0158602    -0.312114     0.238883      -0.4635     0.353553            
  -0.00386173    -0.471384    0.0881108    -0.129873      0.19356    -0.448185    -0.705137    -0.132661  3.91452e-17            

Perfom to mul.

A
    -0.573745   0.00620486   0.00635158            
    -0.339954   0.00414783    0.0657107            
    -0.339954   0.00414783    0.0657107            
  -0.00439496    -0.518344    0.0666221            
  -0.00439496    -0.518344    0.0666221            
    -0.573745   0.00620486   0.00635158            
    -0.308054   0.00372811    0.0498593            
  -0.00439496    -0.518344    0.0666221            
    -0.016641   -0.0335714    -0.605069            
   -0.0051497    -0.224894    -0.312358            
    -0.122271  -0.00616187    -0.380693            
    -0.016641   -0.0335714    -0.605069            
  -0.00326389    -0.375451    0.0277785            
          
S
      3.41424            0            0            
            0      3.29887            0            
            0            0      2.26835            
          
V
    -0.426316   0.00489193    0.0275806    -0.216794    -0.691519     -0.27345   -0.0305072       0.3026    -0.353553            
     -0.04556   -0.0222211    -0.701316    -0.243801     0.324777    -0.336062     0.297543    -0.119152    -0.353553            
    -0.006326    -0.653369   -0.0373457     0.148381    -0.223951     0.437827     0.140999    -0.403646    -0.353553            
        
UxW
      -1.9589     0.020469    0.0144076            
     -1.16068    0.0136831     0.149055            
     -1.16068    0.0136831     0.149055            
   -0.0150054     -1.70995     0.151122            
   -0.0150054     -1.70995     0.151122            
      -1.9589     0.020469    0.0144076            
     -1.05177    0.0122986     0.113098            
   -0.0150054     -1.70995     0.151122            
   -0.0568164    -0.110747     -1.37251            
   -0.0175823    -0.741895    -0.708536            
    -0.417462   -0.0203272    -0.863544            
   -0.0568164    -0.110747     -1.37251            
   -0.0111437     -1.23856    0.0630112            
   

RESULT

            0    WikiLeaks      0.93675   -0.0137285    -0.010245            
            1     арестова     0.555041  -0.00917725     -0.10599            
            2  великобрита     0.555041  -0.00917725     -0.10599            
            3       вручен   0.00717563      1.14686     -0.10746            
            4    нобелевск   0.00717563      1.14686     -0.10746            
            5    основател      0.93675   -0.0137285    -0.010245            
            6        полиц     0.502959  -0.00824862   -0.0804221            
            7         прем   0.00717563      1.14686     -0.10746            
            8         прот    0.0271697    0.0742781     0.975964            
            9        стран    0.0084079     0.497588     0.503827            
           10          суд     0.199631    0.0136334      0.61405            
           11          сша    0.0271697    0.0742781     0.975964            
           12      церемон   0.00532894     0.830703   -0.0448061            
